2111111111111 111111111111111611116111111. - 31111111111111111161. 11111 2111111111 1111111111. 311 611111111
6111111111111, 11111 21111ς im 1111111111 11121111 111 1112111111111111 111 ῧ111111, 1111111 1111111111111 11111111111 1111
&lamentam 2111111111 1111111111 111 1111111111 11111111111111111 1111111 111 1111111111 11111111111111111111111111, 6111111
’1111111111 11111111. - 3111116111111111111111111111 361, 1111111112 61. 11111111111111 ὓ1111611111111ς 1 61.
111111111111 111 1111111111, 1111 1111111111111111 1111111111111111111111111111. 13111. (11111111.

4. meantia. (6111111111111111111. 61111111.)

811 111 1111111111 2 61. 1111111111 111 3., 4111 1. 1111111111 1111111111111112.1113.61111111111111111;
1111111111 1111 111111111111, 1111111111 11111 11111111111111. 11111111 11111111 11111111 1111111 11111111111111 11111 111111 111111
1111111111111. 11111. 11111111. - 311 6111111111 261. 11111111111113111111111 111111111111111111111111111111
111111111; 2111111111 gum 6111111111; 11111111 111 1111111 111111111111161111111111; 1111 61111111 1111111111111111111 1111
,611111111111111111121111 111 11111111 1111 1111111111111 61111111 11111111 1111111111 1111 1111 111 1111111111. 1111. 11111111.
- 311 1111111111111 111 61. 1111 111111 Caesar de besso civili 1111 bellum Alexandrinum 11 4 61.; 1111111111 im 11111111
1111111111111111111111111111111111116111111; (1111111111 1111 (1111111111111111111111111111 1111 (111111111111111), 1111111111
1111111 11111 11111111 461. 6111111111. - 261. 2111111111 11113111121111111111111111111.111.Χ.111. 1111111111
1111311111 11111111111111. 111111. 21111111. - 3161111111111111661. 1111111111111111111111111111111111111111
111 111111111111111 211111 111 ῧ11111111111η 1111111111111 1111111111 (1111111111 111 1111111111 11111111 111611111ς (1111111111
1111 1111 (1111111111 (asse 14 &age 1111 111111111111111); 1111111111 1111111111 111 1111111111 1111 1111 6111111111 11111 11111111
affl, 111111111111111111111.111111.1111. 11111111111111111. 11111111101151211111361. 6111111111. - 311
¹ 111111111111111 36111111 11111261. 61111111111111111116111111111111111 (1111. 16 111 111111) 1111 111111111111 111
1111111111111111 1111111111111111111111111111111111; 1 61. 11111111 111 1111111111 1111111111 1111 charles 1111. par Vol·
11111 (11111111). 1111 1421111111111111111112111111, 1111111111 111111111111 1111 1111111111 1111111. 111. 11111. - 31
111 (1111111111 3 61. 1111111111 1111 111 11111111111111 111 gum 11111111 11111111ᾖ111111 11111111111111611111111111111111 111
111111111111111111111111111111 1111111111 11111111111111111111161111111. 111111. 11111111. - 31 1111111111111 1 61. (11111Ι
1111111 21111111211111111’111111111111111111; 11111111111111 11111111 11111111. 61111111. -311111111111111111113 61. 11111
2111111111 1111111111 1111111111 111 11116111111; 111 11111111111ς 1111111111 111 61111111 111 311111111111η 11111111111111
111 111111111111111111111111111111 111 11111111ῧ11111111 111 111 311111111111 11111 6111111 111811111111111. 611. 1111111111
1111111111 11111111.

5. 11111163511111. (11111111τί111 6. Dr. 2111111111. 1111111. 6111111111111 6111111.)

311 11111111111112 61.; Φ11 111111 Mu 1111311111 1111111111 111 1111111111 1111111111111111 (1111111111 111
1111111111 111 1111111111111111111111111 11111 11111111111111111111 11111 1111111111 1111111111111111111111 111111111111111111. metz
111111 11111. - 211 6111111111 2 611 11111111 111 11111111111111111111 1111111111111111111111111 1111 1111111111111111
1111111111 111 6111111111, 111111 im 6111111111, 11 jc 1111 1111111 111 21111111. Q. Urvinum& 11. 11111. 6111111111
1111. - 311111111111111 111 61. 1111111461. (1111111111111. libr. 1-1v.; 2 61. onio 11111 111 2111111111 1111
611111111111111111111111111111111111 &egam 4 61. 611111 11111 11111111; (1111111111 111111 111111111 111111111111111111111
111111111111111111111111111111 1111111111 11111 11111111111111ς 1111111111111111111111111111111111111 6111111111 111111111111111
1111 11111111,111111111111111111111111111111111. 6111. 61111111. - 316111111111661.1 11111111111111 11111111
111111111111111 111 11111111111111 11111 {Buttmann 111111 111111111111111111111 1111111 1111111111 113111111111111 11111 11111111;
11111111 111 11111114111111111. 1-111. 6111111111 111 1411111111 11111111111111111; 11111111111111 11111 1111111111.
6.111.21111111111;11.1Ζ1111. 6111111. - 311 111111111111111 3611 611111111111111111111111 111111111111111111
1111 2111111111 1111 6111111111111111111111111111111’ 61111111111111111. 1-41. 21111 14 2111 1111111111111112111111;
11111111 11111 1111111111 1111111111 1111 111111111111111111111111111. 11. 11111111. - 311 111 (1111111111 1111 (1111111111
4611611111111111111111ς(1111111111111111111111111. 6. Ι)1.21111111111; 11. 111111. Dr. 11111111. -3111121111111
1111111 3 611 311 61111111 11111111111111 111 1111111111 1116111111111111111111111. 311 11111111 11111111111111111 1111111111
1111211111111111111111111111111111111111ὗ11111111, 111111111111111111111111111111111111111ὗ1111111. 6. 1111111111111
1111111111 11. 12111. 21111111.

6. matta. (Dtbinatiusst 1311. 6111111111111111. 11111.)

31 111 {Religion 2 611 11111 11111111111111 1111 111 1111111111111111 1111111111 3111111111 1111 11111111
1111111111111111111111111111111111111111111; im 61111111 111 2. 1111111111, 111 1111111 111111111111111 1111111. 6111111111
¹ 111111. - 311 6111111111 2 611 1111111111111111 1111111111; 6111111111111111111111 1111111111 111111111111111111111

 

